-117.184953 33.151263
-117.180942 33.150463
-117.181032 33.147650
-117.184488 33.148572
-117.176881 33.151958
-117.181459 33.152481
-117.182849 33.148159
-117.183977 33.148080
-117.181871 33.147295
-117.178968 33.152833
-117.181764 33.148753
-117.182141 33.148117
-117.176265 33.152433
-117.182496 33.148139
-117.186883 33.148229
-117.180966 33.151699
-117.181804 33.149508
-117.182073 33.151460
-117.181894 33.152243
-117.182237 33.151693
-117.182298 33.152130
-117.181893 33.150470
-117.182342 33.148920
-117.182342 33.148480
-117.181663 33.150379
-117.182120 33.152026
-117.182413 33.151937
-117.181489 33.151672
-117.182555 33.149343
-117.181982 33.151799
-117.182217 33.151860
-117.182457 33.151701
-117.182321 33.151529
-117.183881 33.149467
-117.185037 33.149560
-117.182206 33.150808
-117.184695 33.149443
-117.184708 33.149226
-117.184990 33.149250
-117.182512 33.151369
-117.182692 33.150503
-117.182747 33.151472
-117.182917 33.150071
-117.184471 33.149753
-117.185598 33.149276
-117.184696 33.149312
-117.182654 33.150833
-117.185225 33.149724
-117.182514 33.149854
-117.182592 33.149634
-117.180114 33.149265
-117.184151 33.150278
-117.184164 33.150271
-117.183479 33.150271
-117.183022 33.151782
-117.184766 33.152915
-117.181757 33.148058
-117.185388 33.152828
-117.180329 33.154502
-117.181927 33.149420
-117.182590 33.152442
-117.178426 33.151996
-117.185893 33.151673
-117.186674 33.152749
-117.184641 33.151123
-117.183532 33.151121
-117.184297 33.151770
-117.183829 33.150629
-117.183745 33.149887
-117.182690 33.151106
-117.181641 33.150796
-117.181750 33.149025
-117.186430 33.148677
