73
Polygon
Lot #12
Staff Parking Lot #12 Small
96917417
-117.185460 33.150478 -117.184445 33.152049
18
-117.184445 33.150975
-117.184869 33.150478
-117.185460 33.150960
-117.185119 33.151696
-117.184957 33.152049
-117.184963 33.151977
-117.184959 33.151927
-117.184973 33.151848
-117.184977 33.151762
-117.184970 33.151653
-117.184967 33.151592
-117.184964 33.151504
-117.184962 33.151416
-117.184952 33.151314
-117.184933 33.151022
-117.184915 33.150973
-117.184445 33.150975
NaN NaN
Polygon
Lot #5
Student Parking Lot #5
96959636
-117.181300 33.149620 -117.180584 33.151306
53
-117.181300 33.149794
-117.181299 33.149938
-117.181299 33.150111
-117.181297 33.150381
-117.181297 33.150682
-117.181295 33.151071
-117.181294 33.151306
-117.181253 33.151305
-117.181202 33.151300
-117.181156 33.151295
-117.181109 33.151283
-117.181070 33.151276
-117.181036 33.151265
-117.181012 33.151245
-117.180996 33.151224
-117.180994 33.151200
-117.180999 33.151187
-117.181007 33.151162
-117.181003 33.151132
-117.180987 33.151111
-117.180962 33.151104
-117.180967 33.151051
-117.180964 33.151038
-117.180939 33.150950
-117.180933 33.150925
-117.180920 33.150793
-117.180916 33.150771
-117.180905 33.150742
-117.180884 33.150701
-117.180866 33.150673
-117.180824 33.150617
-117.180818 33.150604
-117.180812 33.150575
-117.180762 33.150419
-117.180747 33.150338
-117.180682 33.150250
-117.180627 33.150165
-117.180585 33.150073
-117.180584 33.150014
-117.180694 33.149966
-117.180697 33.149884
-117.180725 33.149785
-117.180792 33.149780
-117.180802 33.149717
-117.180918 33.149703
-117.180942 33.149699
-117.181010 33.149670
-117.181112 33.149620
-117.181131 33.149672
-117.181138 33.149792
-117.181218 33.149798
-117.181300 33.149794
NaN NaN
Polygon
Lot #3
Student Parking Lot #3
96959654
-117.181320 33.146800 -117.180743 33.148500
48
-117.181320 33.148071
-117.181189 33.148142
-117.181139 33.148185
-117.181162 33.148203
-117.181201 33.148378
-117.181217 33.148470
-117.181211 33.148491
-117.181199 33.148500
-117.181052 33.148486
-117.180953 33.148468
-117.180908 33.148449
-117.180889 33.148395
-117.180875 33.148313
-117.180864 33.148279
-117.180845 33.148259
-117.180823 33.148251
-117.180792 33.148230
-117.180760 33.148181
-117.180749 33.148140
-117.180743 33.148102
-117.180748 33.148054
-117.180757 33.148009
-117.180789 33.147959
-117.180839 33.147909
-117.180849 33.147896
-117.180857 33.147879
-117.180862 33.147863
-117.180863 33.147842
-117.180866 33.147623
-117.180859 33.147594
-117.180844 33.147533
-117.180836 33.147502
-117.180836 33.147457
-117.180843 33.147321
-117.180869 33.147243
-117.180966 33.147048
-117.181015 33.146898
-117.181152 33.146800
-117.181185 33.146802
-117.181140 33.147069
-117.181136 33.147116
-117.181138 33.147174
-117.181143 33.147208
-117.181155 33.147282
-117.181215 33.147537
-117.181230 33.147610
-117.181320 33.148071
NaN NaN
Polygon
Lot #1 & #2
Visitor/Staff Parking Lot #1 & #2
97033550
-117.185937 33.148063 -117.183039 33.149080
67
-117.185912 33.148731
-117.185821 33.148815
-117.185795 33.148836
-117.185772 33.148850
-117.185752 33.148861
-117.185719 33.148874
-117.184480 33.149077
-117.184429 33.149080
-117.184300 33.149069
-117.184112 33.149069
-117.183374 33.149031
-117.183227 33.149017
-117.183185 33.149010
-117.183158 33.148996
-117.183116 33.148972
-117.183086 33.148944
-117.183063 33.148914
-117.183048 33.148890
-117.183039 33.148839
-117.183039 33.148804
-117.183045 33.148781
-117.183097 33.148670
-117.183104 33.148651
-117.183109 33.148630
-117.183108 33.148607
-117.183101 33.148579
-117.183193 33.148516
-117.183233 33.148556
-117.183273 33.148585
-117.183316 33.148612
-117.183367 33.148636
-117.183421 33.148655
-117.183484 33.148669
-117.183534 33.148676
-117.183600 33.148676
-117.183668 33.148671
-117.183726 33.148661
-117.183780 33.148643
-117.183838 33.148616
-117.184131 33.148474
-117.184157 33.148466
-117.184299 33.148435
-117.184323 33.148428
-117.184866 33.148159
-117.185012 33.148150
-117.185219 33.148063
-117.185238 33.148092
-117.185616 33.148503
-117.185644 33.148515
-117.185668 33.148519
-117.185693 33.148514
-117.185719 33.148508
-117.185746 33.148504
-117.185774 33.148507
-117.185801 33.148508
-117.185824 33.148516
-117.185850 33.148528
-117.185875 33.148545
-117.185894 33.148561
-117.185909 33.148576
-117.185924 33.148604
-117.185934 33.148629
-117.185937 33.148653
-117.185935 33.148678
-117.185927 33.148702
-117.185912 33.148731
NaN NaN
Polygon
Soccer
Soccer Field
97033555
-117.177453 33.151379 -117.176308 33.152538
6
-117.176690 33.152538
-117.176308 33.151596
-117.177071 33.151379
-117.177453 33.152322
-117.176690 33.152538
NaN NaN
Polygon
Lot #8
Staff Parking Lot #8
97033558
-117.182244 33.152295 -117.180674 33.152667
40
-117.180674 33.152336
-117.180690 33.152304
-117.180708 33.152296
-117.180752 33.152295
-117.180954 33.152313
-117.181020 33.152321
-117.181073 33.152332
-117.181110 33.152348
-117.181177 33.152387
-117.181234 33.152416
-117.181292 33.152440
-117.181373 33.152469
-117.181470 33.152494
-117.181542 33.152507
-117.181615 33.152515
-117.181687 33.152520
-117.181754 33.152520
-117.181818 33.152516
-117.181888 33.152508
-117.181960 33.152496
-117.182028 33.152480
-117.182093 33.152464
-117.182178 33.152436
-117.182191 33.152433
-117.182204 33.152438
-117.182214 33.152447
-117.182244 33.152516
-117.181879 33.152618
-117.181857 33.152626
-117.181789 33.152650
-117.181767 33.152659
-117.181740 33.152663
-117.181695 33.152667
-117.181546 33.152664
-117.181396 33.152635
-117.181294 33.152610
-117.180801 33.152416
-117.180706 33.152368
-117.180674 33.152336
NaN NaN
Polygon
Tennis
Tennis Court 1
97033565
-117.183037 33.147985 -117.182660 33.148334
6
-117.182685 33.147985
-117.183037 33.148007
-117.183009 33.148334
-117.182660 33.148313
-117.182685 33.147985
NaN NaN
Polygon
Football & Track
Football Field & Track
97033584
-117.184764 33.147556 -117.183190 33.148603
55
-117.184585 33.148160
-117.183748 33.148570
-117.183675 33.148592
-117.183615 33.148601
-117.183562 33.148603
-117.183515 33.148597
-117.183474 33.148592
-117.183432 33.148578
-117.183397 33.148564
-117.183351 33.148543
-117.183318 33.148520
-117.183286 33.148490
-117.183261 33.148465
-117.183239 33.148433
-117.183215 33.148393
-117.183202 33.148356
-117.183191 33.148317
-117.183190 33.148281
-117.183195 33.148240
-117.183201 33.148198
-117.183212 33.148163
-117.183229 33.148134
-117.183250 33.148101
-117.183272 33.148073
-117.183302 33.148046
-117.183332 33.148020
-117.184206 33.147588
-117.184239 33.147574
-117.184275 33.147566
-117.184309 33.147560
-117.184351 33.147556
-117.184397 33.147556
-117.184462 33.147564
-117.184512 33.147576
-117.184554 33.147591
-117.184599 33.147615
-117.184637 33.147643
-117.184673 33.147671
-117.184697 33.147702
-117.184719 33.147732
-117.184740 33.147772
-117.184752 33.147808
-117.184761 33.147844
-117.184764 33.147872
-117.184760 33.147918
-117.184752 33.147948
-117.184741 33.147985
-117.184725 33.148018
-117.184709 33.148044
-117.184687 33.148078
-117.184667 33.148103
-117.184637 33.148126
-117.184607 33.148145
-117.184585 33.148160
NaN NaN
Polygon
Softball
Softball Field
97033591
-117.182458 33.146707 -117.181285 33.147884
19
-117.182181 33.147884
-117.182097 33.147860
-117.181989 33.147854
-117.181993 33.147819
-117.181714 33.147786
-117.181450 33.147753
-117.181444 33.147263
-117.181365 33.147259
-117.181312 33.147215
-117.181286 33.147132
-117.181285 33.147028
-117.181289 33.146921
-117.181338 33.146707
-117.182420 33.146824
-117.182458 33.146890
-117.182429 33.147029
-117.182442 33.147039
-117.182181 33.147884
NaN NaN
Polygon
Lot #9
Student Parking Lot #9
97033601
-117.181589 33.152042 -117.176348 33.153625
119
-117.181512 33.152754
-117.181484 33.152985
-117.181589 33.153275
-117.181565 33.153329
-117.181476 33.153376
-117.181415 33.153395
-117.181125 33.153453
-117.180943 33.153520
-117.180856 33.153581
-117.180845 33.153576
-117.180827 33.153574
-117.180812 33.153579
-117.180797 33.153586
-117.180785 33.153598
-117.180779 33.153611
-117.180763 33.153619
-117.180733 33.153622
-117.180723 33.153619
-117.180707 33.153625
-117.180667 33.153616
-117.180619 33.153593
-117.180584 33.153566
-117.180568 33.153543
-117.180529 33.153274
-117.180527 33.153258
-117.180520 33.153246
-117.180507 33.153239
-117.180488 33.153238
-117.180464 33.153245
-117.180448 33.153253
-117.180354 33.153264
-117.180300 33.152980
-117.180235 33.152905
-117.180189 33.152859
-117.180131 33.152820
-117.180088 33.152792
-117.179714 33.152617
-117.179654 33.152583
-117.179602 33.152547
-117.179566 33.152516
-117.179561 33.152506
-117.179514 33.152480
-117.179489 33.152480
-117.179473 33.152485
-117.179465 33.152495
-117.179413 33.152601
-117.179400 33.152620
-117.179387 33.152635
-117.179371 33.152647
-117.179354 33.152652
-117.179289 33.152665
-117.179281 33.152671
-117.179280 33.152681
-117.179288 33.152717
-117.178555 33.152865
-117.178101 33.153312
-117.177432 33.153432
-117.177419 33.153383
-117.177061 33.153451
-117.177036 33.153454
-117.177010 33.153453
-117.176986 33.153444
-117.176963 33.153429
-117.176949 33.153413
-117.176941 33.153397
-117.176932 33.153370
-117.176928 33.153348
-117.176551 33.153419
-117.176490 33.153419
-117.176480 33.153379
-117.176470 33.153355
-117.176455 33.153339
-117.176427 33.153324
-117.176348 33.153287
-117.176604 33.152940
-117.176648 33.152883
-117.176688 33.152839
-117.176732 33.152802
-117.176762 33.152774
-117.176797 33.152747
-117.176840 33.152719
-117.176886 33.152690
-117.176938 33.152664
-117.176996 33.152642
-117.177060 33.152615
-117.177125 33.152594
-117.177194 33.152577
-117.177667 33.152484
-117.177819 33.152443
-117.179163 33.152187
-117.179212 33.152179
-117.179266 33.152168
-117.179317 33.152154
-117.179367 33.152137
-117.179414 33.152122
-117.179490 33.152095
-117.179747 33.152042
-117.179763 33.152042
-117.179842 33.152072
-117.179879 33.152087
-117.179957 33.152108
-117.180019 33.152122
-117.180081 33.152131
-117.180154 33.152140
-117.180219 33.152146
-117.180294 33.152146
-117.180414 33.152144
-117.180567 33.152147
-117.180586 33.152150
-117.180596 33.152159
-117.180598 33.152171
-117.180593 33.152184
-117.180467 33.152319
-117.180621 33.152429
-117.180717 33.152477
-117.181291 33.152707
-117.181378 33.152730
-117.181512 33.152754
NaN NaN
Polygon
Pool
Pool
97033605
-117.181901 33.148605 -117.181627 33.148900
6
-117.181901 33.148887
-117.181648 33.148900
-117.181627 33.148618
-117.181880 33.148605
-117.181901 33.148887
NaN NaN
Polygon
Tennis
Tennis Court 3
97033606
-117.182330 33.147942 -117.181951 33.148292
6
-117.182307 33.148292
-117.181951 33.148270
-117.181980 33.147942
-117.182330 33.147964
-117.182307 33.148292
NaN NaN
Polygon
Lot #9F
Student Parking Lot #9F
97033611
-117.176547 33.151812 -117.175984 33.153054
17
-117.176463 33.152502
-117.176388 33.152524
-117.176371 33.152566
-117.176378 33.152604
-117.176547 33.152734
-117.176485 33.152801
-117.176284 33.153054
-117.176271 33.153047
-117.175990 33.153047
-117.175984 33.152007
-117.176051 33.151992
-117.175989 33.151845
-117.176085 33.151812
-117.176140 33.151954
-117.176219 33.151929
-117.176463 33.152502
NaN NaN
Polygon
Tennis
Tennis Court 2
97033612
-117.182685 33.147964 -117.182307 33.148313
6
-117.182307 33.148292
-117.182330 33.147964
-117.182685 33.147985
-117.182660 33.148313
-117.182307 33.148292
NaN NaN
Polygon
Lot #15
Student/Visitor Parking Lot #15
97033614
-117.187354 33.147798 -117.186413 33.148661
24
-117.187354 33.148322
-117.186893 33.148661
-117.186413 33.148205
-117.186579 33.147829
-117.186586 33.147815
-117.186599 33.147805
-117.186616 33.147799
-117.186641 33.147798
-117.186673 33.147806
-117.187231 33.147981
-117.187246 33.148028
-117.187256 33.148052
-117.187277 33.148073
-117.187307 33.148105
-117.187328 33.148130
-117.187340 33.148158
-117.187346 33.148187
-117.187347 33.148210
-117.187336 33.148234
-117.187325 33.148254
-117.187318 33.148275
-117.187314 33.148296
-117.187354 33.148322
NaN NaN
Polygon
Lot #7A
Staff Parking Lot #7A
97045425
-117.181293 33.151321 -117.180639 33.152076
29
-117.181293 33.151321
-117.181292 33.151367
-117.181290 33.151401
-117.181285 33.151436
-117.181264 33.151505
-117.181242 33.151555
-117.181232 33.151570
-117.181144 33.151687
-117.180973 33.151897
-117.180916 33.151964
-117.180820 33.152050
-117.180806 33.152058
-117.180790 33.152064
-117.180771 33.152066
-117.180751 33.152063
-117.180731 33.152059
-117.180709 33.152076
-117.180639 33.152027
-117.180714 33.151970
-117.180870 33.151812
-117.180922 33.151781
-117.181018 33.151676
-117.181077 33.151577
-117.181145 33.151524
-117.181175 33.151472
-117.181181 33.151425
-117.181186 33.151321
-117.181293 33.151321
NaN NaN
Polygon
Lot #4
Visitor/Staff Parking Lot #4
97045427
-117.182165 33.149150 -117.181444 33.149867
44
-117.181472 33.149831
-117.181487 33.149827
-117.181500 33.149821
-117.181507 33.149811
-117.181508 33.149800
-117.181505 33.149779
-117.181494 33.149751
-117.181485 33.149740
-117.181472 33.149718
-117.181464 33.149691
-117.181444 33.149191
-117.181448 33.149171
-117.181456 33.149153
-117.181486 33.149150
-117.181487 33.149178
-117.181520 33.149198
-117.181563 33.149214
-117.181617 33.149229
-117.181646 33.149233
-117.181673 33.149228
-117.181703 33.149217
-117.181722 33.149209
-117.181751 33.149208
-117.181744 33.149229
-117.181739 33.149247
-117.181726 33.149274
-117.181719 33.149298
-117.181714 33.149326
-117.181713 33.149353
-117.181714 33.149374
-117.181721 33.149408
-117.181764 33.149584
-117.181769 33.149594
-117.181778 33.149594
-117.181889 33.149586
-117.181982 33.149597
-117.182130 33.149576
-117.182165 33.149575
-117.182147 33.149861
-117.182042 33.149865
-117.181866 33.149867
-117.181611 33.149866
-117.181472 33.149831
NaN NaN
Polygon
MC
Mathematics Learning Cente
97047188
-117.182156 33.151344 -117.181989 33.151576
6
-117.182123 33.151576
-117.181989 33.151562
-117.182021 33.151344
-117.182156 33.151358
-117.182123 33.151576
NaN NaN
Polygon
DA
Drafting, Interior Design
97047189
-117.182058 33.152140 -117.181729 33.152347
6
-117.182022 33.152347
-117.181729 33.152301
-117.181765 33.152140
-117.182058 33.152186
-117.182022 33.152347
NaN NaN
Polygon
DR
Disability Resource Center
97047190
-117.182352 33.151613 -117.182123 33.151773
6
-117.182300 33.151773
-117.182123 33.151692
-117.182174 33.151613
-117.182352 33.151694
-117.182300 33.151773
NaN NaN
Polygon
TCB
TRIO program
97047191
-117.182391 33.152037 -117.182204 33.152223
6
-117.182298 33.152223
-117.182204 33.152180
-117.182297 33.152037
-117.182391 33.152080
-117.182298 33.152223
NaN NaN
Polygon
Closed
LL Entry Way
97047192
-117.181934 33.150371 -117.181852 33.150569
7
-117.181852 33.150371
-117.181932 33.150384
-117.181934 33.150569
-117.181855 33.150556
-117.181853 33.150433
-117.181852 33.150371
NaN NaN
Polygon
G
Gymnasium/Dome
97047193
-117.182578 33.148722 -117.182106 33.149118
28
-117.182569 33.148973
-117.182546 33.149019
-117.182512 33.149057
-117.182470 33.149086
-117.182422 33.149106
-117.182357 33.149118
-117.182290 33.149114
-117.182239 33.149099
-117.182199 33.149079
-117.182162 33.149050
-117.182136 33.149021
-117.182120 33.148993
-117.182106 33.148949
-117.182106 33.148893
-117.182116 33.148856
-117.182140 33.148814
-117.182183 33.148772
-117.182233 33.148743
-117.182278 33.148729
-117.182345 33.148722
-117.182400 33.148728
-117.182458 33.148747
-117.182513 33.148784
-117.182549 33.148825
-117.182570 33.148869
-117.182578 33.148915
-117.182569 33.148973
NaN NaN
Polygon
O
Athletics, Dance Studio
97047194
-117.182664 33.148365 -117.182020 33.148596
6
-117.182648 33.148596
-117.182020 33.148560
-117.182036 33.148365
-117.182664 33.148401
-117.182648 33.148596
NaN NaN
Polygon
Closed
LL Old Library
97047195
-117.181855 33.150114 -117.181470 33.150644
9
-117.181855 33.150556
-117.181853 33.150642
-117.181474 33.150644
-117.181470 33.150116
-117.181848 33.150114
-117.181852 33.150371
-117.181853 33.150433
-117.181855 33.150556
NaN NaN
Polygon
NB
Behavioral Health Counseling Services
97047196
-117.182239 33.151937 -117.182001 33.152115
6
-117.182001 33.152035
-117.182064 33.151937
-117.182239 33.152017
-117.182176 33.152115
-117.182001 33.152035
NaN NaN
Polygon
TCA
Extended Opportunities Programs and Services (EOP&S)
97047197
-117.182507 33.151843 -117.182320 33.152031
6
-117.182414 33.152031
-117.182320 33.151989
-117.182413 33.151843
-117.182507 33.151885
-117.182414 33.152031
NaN NaN
Polygon
NS
Chemistry, Earth Sciences, Engineering, Life Sciences, Physics
97047198
-117.181851 33.151162 -117.181126 33.152182
31
-117.181848 33.151173
-117.181851 33.151241
-117.181849 33.151297
-117.181843 33.151353
-117.181836 33.151408
-117.181822 33.151472
-117.181808 33.151527
-117.181794 33.151573
-117.181781 33.151616
-117.181767 33.151653
-117.181737 33.151720
-117.181713 33.151779
-117.181677 33.151838
-117.181626 33.151917
-117.181589 33.151966
-117.181528 33.152038
-117.181381 33.152182
-117.181126 33.152028
-117.181180 33.151971
-117.181242 33.151908
-117.181317 33.151821
-117.181411 33.151669
-117.181442 33.151614
-117.181459 33.151582
-117.181510 33.151427
-117.181524 33.151340
-117.181535 33.151184
-117.181635 33.151190
-117.181636 33.151162
-117.181848 33.151173
NaN NaN
Polygon
M
Mens Locker Room
97047199
-117.182782 33.149204 -117.182327 33.149481
7
-117.182377 33.149481
-117.182327 33.149274
-117.182515 33.149245
-117.182732 33.149204
-117.182782 33.149411
-117.182377 33.149481
NaN NaN
Polygon
HC
Health Services
97047200
-117.182086 33.151691 -117.181878 33.151907
6
-117.181974 33.151907
-117.181878 33.151863
-117.181990 33.151691
-117.182086 33.151735
-117.181974 33.151907
NaN NaN
Polygon
NA
Nursing Classroom Building A (modular)
97047201
-117.182337 33.151770 -117.182096 33.151950
6
-117.182272 33.151950
-117.182096 33.151871
-117.182161 33.151770
-117.182337 33.151850
-117.182272 33.151950
NaN NaN
Polygon
DSPS
Disability Resource Center
97047202
-117.182558 33.151599 -117.182357 33.151803
8
-117.182470 33.151599
-117.182558 33.151639
-117.182459 33.151793
-117.182437 33.151783
-117.182423 33.151803
-117.182357 33.151773
-117.182470 33.151599
NaN NaN
Polygon
FD
Family & Consumer Science, Fashion
97047203
-117.182455 33.151417 -117.182187 33.151641
7
-117.182362 33.151641
-117.182187 33.151563
-117.182280 33.151417
-117.182455 33.151495
-117.182413 33.151560
-117.182362 33.151641
NaN NaN
Polygon
SSC
Admissions/Registration, Counseling
97705230
-117.184277 33.149278 -117.183484 33.149655
40
-117.184277 33.149451
-117.184198 33.149465
-117.184207 33.149500
-117.184146 33.149511
-117.184147 33.149516
-117.184022 33.149539
-117.184038 33.149599
-117.183939 33.149617
-117.183929 33.149579
-117.183905 33.149583
-117.183871 33.149589
-117.183877 33.149613
-117.183716 33.149642
-117.183713 33.149628
-117.183561 33.149655
-117.183560 33.149651
-117.183543 33.149654
-117.183484 33.149419
-117.183499 33.149416
-117.183500 33.149417
-117.183651 33.149391
-117.183658 33.149417
-117.183689 33.149411
-117.183688 33.149406
-117.183774 33.149391
-117.183768 33.149369
-117.183808 33.149362
-117.183813 33.149381
-117.183849 33.149375
-117.183880 33.149369
-117.183880 33.149372
-117.183901 33.149368
-117.183899 33.149361
-117.184041 33.149336
-117.184042 33.149342
-117.184067 33.149337
-117.184059 33.149309
-117.184233 33.149278
-117.184277 33.149451
NaN NaN
Polygon
TEXT
Boehm Gallery
97705235
-117.185177 33.149495 -117.184898 33.149625
9
-117.185177 33.149584
-117.185159 33.149587
-117.184917 33.149625
-117.184898 33.149539
-117.184898 33.149536
-117.185157 33.149495
-117.185172 33.149564
-117.185177 33.149584
NaN NaN
Polygon
ETV
Educational Television
97705245
-117.182382 33.150632 -117.182029 33.150985
15
-117.182067 33.150829
-117.182132 33.150680
-117.182154 33.150687
-117.182178 33.150632
-117.182382 33.150695
-117.182367 33.150730
-117.182358 33.150750
-117.182342 33.150745
-117.182276 33.150894
-117.182293 33.150899
-117.182285 33.150919
-117.182255 33.150985
-117.182029 33.150915
-117.182067 33.150829
NaN NaN
Polygon
TEXT
Human Resources
97705267
-117.185092 33.149316 -117.184297 33.149570
9
-117.185070 33.149316
-117.185092 33.149447
-117.184324 33.149570
-117.184297 33.149440
-117.184561 33.149396
-117.184748 33.149366
-117.184938 33.149334
-117.185070 33.149316
NaN NaN
Polygon
TEXT
Administration
97705273
-117.185066 33.149055 -117.184349 33.149396
20
-117.184349 33.149197
-117.184484 33.149176
-117.184493 33.149215
-117.184515 33.149212
-117.184495 33.149126
-117.184520 33.149122
-117.184524 33.149138
-117.185042 33.149055
-117.185066 33.149160
-117.185042 33.149166
-117.184884 33.149189
-117.184714 33.149216
-117.184748 33.149366
-117.184561 33.149396
-117.184537 33.149288
-117.184472 33.149299
-117.184469 33.149284
-117.184372 33.149299
-117.184349 33.149197
NaN NaN
Polygon
TEXT
Cashier
97705277
-117.185095 33.149166 -117.184884 33.149334
7
-117.185042 33.149166
-117.185095 33.149322
-117.185070 33.149316
-117.184938 33.149334
-117.184884 33.149189
-117.185042 33.149166
NaN NaN
Polygon
Q
Electronics
97705278
-117.182751 33.151198 -117.182273 33.151540
11
-117.182636 33.151540
-117.182513 33.151484
-117.182273 33.151375
-117.182275 33.151372
-117.182382 33.151208
-117.182388 33.151198
-117.182751 33.151363
-117.182744 33.151374
-117.182641 33.151532
-117.182636 33.151540
NaN NaN
Polygon
F
Foreign Language & Photography
97705282
-117.183085 33.150355 -117.182299 33.150652
8
-117.183046 33.150652
-117.182299 33.150548
-117.182336 33.150361
-117.182338 33.150355
-117.183084 33.150458
-117.183085 33.150458
-117.183046 33.150652
NaN NaN
Polygon
RF
Snack Shack
97705284
-117.182818 33.151399 -117.182675 33.151545
6
-117.182818 33.151430
-117.182745 33.151545
-117.182675 33.151514
-117.182748 33.151399
-117.182818 33.151430
NaN NaN
Polygon
SU
Career Center, Student Access & Assessment Center
97708299
-117.183230 33.149780 -117.182604 33.150363
18
-117.182948 33.149780
-117.183215 33.150181
-117.183230 33.150222
-117.183130 33.150228
-117.183117 33.150351
-117.183051 33.150344
-117.183049 33.150359
-117.183011 33.150356
-117.183015 33.150363
-117.182876 33.150349
-117.182815 33.150260
-117.182800 33.150239
-117.182604 33.149949
-117.182613 33.149945
-117.182748 33.149882
-117.182852 33.149833
-117.182948 33.149780
NaN NaN
Polygon
AA/ST
Apprenticeship Programs, Human Resources, Instructional Services
97708304
-117.184723 33.149554 -117.184218 33.149951
12
-117.184723 33.149893
-117.184580 33.149915
-117.184578 33.149906
-117.184296 33.149951
-117.184268 33.149829
-117.184218 33.149613
-117.184363 33.149590
-117.184365 33.149599
-117.184646 33.149554
-117.184673 33.149675
-117.184723 33.149893
NaN NaN
Polygon
D
Music Complex, Performing Arts
97708305
-117.186023 33.148984 -117.185174 33.149567
38
-117.185261 33.149549
-117.185174 33.149169
-117.185241 33.149159
-117.185220 33.149070
-117.185366 33.149047
-117.185365 33.149044
-117.185371 33.149042
-117.185372 33.149031
-117.185654 33.148984
-117.185737 33.149118
-117.185860 33.149060
-117.185883 33.149083
-117.185952 33.149053
-117.186006 33.149137
-117.185990 33.149141
-117.186023 33.149228
-117.185858 33.149292
-117.185835 33.149258
-117.185780 33.149278
-117.185876 33.149388
-117.185887 33.149383
-117.185911 33.149411
-117.185810 33.149476
-117.185697 33.149493
-117.185677 33.149495
-117.185674 33.149480
-117.185651 33.149387
-117.185573 33.149437
-117.185500 33.149445
-117.185485 33.149369
-117.185441 33.149308
-117.185390 33.149326
-117.185397 33.149336
-117.185439 33.149518
-117.185444 33.149539
-117.185265 33.149567
-117.185261 33.149549
NaN NaN
Polygon
A
Administration, Cashier, Human Resources
97708308
-117.185095 33.149055 -117.184297 33.149570
22
-117.185092 33.149447
-117.184324 33.149570
-117.184297 33.149440
-117.184561 33.149396
-117.184537 33.149288
-117.184472 33.149299
-117.184469 33.149284
-117.184372 33.149299
-117.184349 33.149197
-117.184484 33.149176
-117.184493 33.149215
-117.184515 33.149212
-117.184495 33.149126
-117.184520 33.149122
-117.184524 33.149138
-117.185042 33.149055
-117.185066 33.149160
-117.185042 33.149166
-117.185095 33.149322
-117.185070 33.149316
-117.185092 33.149447
NaN NaN
Polygon
P
Mathematics
97708310
-117.183032 33.150685 -117.182276 33.150981
18
-117.182285 33.150919
-117.182294 33.150899
-117.182276 33.150894
-117.182342 33.150745
-117.182358 33.150750
-117.182367 33.150730
-117.182581 33.150797
-117.182640 33.150809
-117.182694 33.150685
-117.183032 33.150771
-117.182965 33.150963
-117.182611 33.150874
-117.182574 33.150864
-117.182546 33.150929
-117.182520 33.150922
-117.182496 33.150981
-117.182285 33.150919
NaN NaN
Polygon
C
Art Complex
97708311
-117.185699 33.149480 -117.184751 33.149969
36
-117.185699 33.149568
-117.185672 33.149572
-117.185675 33.149588
-117.185642 33.149594
-117.185646 33.149610
-117.185614 33.149615
-117.185618 33.149631
-117.185586 33.149636
-117.185590 33.149652
-117.185523 33.149663
-117.185536 33.149712
-117.185374 33.149738
-117.185377 33.149748
-117.185286 33.149762
-117.185317 33.149904
-117.185241 33.149916
-117.185250 33.149957
-117.185170 33.149969
-117.185141 33.149837
-117.184815 33.149888
-117.184751 33.149597
-117.184765 33.149595
-117.184757 33.149561
-117.184898 33.149539
-117.184898 33.149536
-117.185157 33.149495
-117.185172 33.149564
-117.185261 33.149549
-117.185265 33.149567
-117.185444 33.149539
-117.185439 33.149518
-117.185674 33.149480
-117.185677 33.149495
-117.185680 33.149505
-117.185699 33.149568
NaN NaN
Polygon
Cafeteria
Cafeteria
97709848
-117.182736 33.149694 -117.182293 33.150014
18
-117.182719 33.149806
-117.182736 33.149831
-117.182720 33.149839
-117.182585 33.149902
-117.182499 33.149943
-117.182506 33.149953
-117.182516 33.149969
-117.182420 33.150014
-117.182409 33.149997
-117.182361 33.149927
-117.182347 33.149932
-117.182326 33.149898
-117.182316 33.149904
-117.182293 33.149866
-117.182591 33.149719
-117.182638 33.149694
-117.182719 33.149806
NaN NaN
Polygon
Bookstore
Bookstore
97709859
-117.182895 33.149461 -117.182288 33.149806
21
-117.182719 33.149806
-117.182638 33.149694
-117.182591 33.149719
-117.182528 33.149625
-117.182382 33.149695
-117.182369 33.149646
-117.182324 33.149656
-117.182288 33.149518
-117.182558 33.149467
-117.182566 33.149499
-117.182771 33.149461
-117.182779 33.149500
-117.182788 33.149498
-117.182810 33.149509
-117.182816 33.149531
-117.182802 33.149551
-117.182793 33.149554
-117.182802 33.149592
-117.182895 33.149722
-117.182719 33.149806
NaN NaN
Polygon
Arboretum
Edwin and Frances Hunter Arboretum
97776469
-117.181290 33.146455 -117.178938 33.152076
171
-117.180709 33.152076
-117.180458 33.152057
-117.180297 33.152059
-117.180220 33.152057
-117.180075 33.152041
-117.180001 33.152026
-117.179876 33.151987
-117.179808 33.151958
-117.179769 33.151935
-117.179664 33.151888
-117.179647 33.151745
-117.179628 33.151691
-117.179584 33.151628
-117.179607 33.151566
-117.179615 33.151517
-117.179594 33.151423
-117.179539 33.151413
-117.179507 33.151381
-117.179481 33.151327
-117.179475 33.151279
-117.179481 33.151240
-117.179491 33.151192
-117.179509 33.151156
-117.179519 33.151124
-117.179490 33.151057
-117.179480 33.151013
-117.179480 33.150973
-117.179449 33.150916
-117.179389 33.150911
-117.179303 33.150934
-117.179205 33.150957
-117.179103 33.150792
-117.178940 33.150590
-117.178938 33.150514
-117.178995 33.150411
-117.179103 33.150278
-117.179106 33.150141
-117.179197 33.150028
-117.179261 33.149887
-117.179369 33.149782
-117.179447 33.149686
-117.179497 33.149565
-117.179487 33.149441
-117.179470 33.149314
-117.179497 33.149285
-117.179855 33.149266
-117.179970 33.149195
-117.180084 33.149119
-117.180192 33.149085
-117.180499 33.149057
-117.180543 33.149040
-117.180529 33.148828
-117.180570 33.148712
-117.180604 33.148582
-117.180593 33.148362
-117.180560 33.148198
-117.180519 33.148046
-117.180533 33.147944
-117.180506 33.147891
-117.180462 33.147778
-117.180445 33.147552
-117.180428 33.147422
-117.180398 33.147272
-117.180368 33.147128
-117.180431 33.147041
-117.180398 33.146936
-117.180337 33.146840
-117.180307 33.146727
-117.180226 33.146648
-117.180148 33.146603
-117.180070 33.146583
-117.180102 33.146455
-117.180890 33.146569
-117.180978 33.146615
-117.181096 33.146663
-117.181173 33.146719
-117.181152 33.146800
-117.181015 33.146898
-117.180966 33.147048
-117.180869 33.147243
-117.180843 33.147321
-117.180836 33.147457
-117.180836 33.147502
-117.180844 33.147533
-117.180859 33.147594
-117.180866 33.147623
-117.180863 33.147842
-117.180862 33.147863
-117.180857 33.147879
-117.180849 33.147896
-117.180839 33.147909
-117.180789 33.147959
-117.180757 33.148009
-117.180748 33.148054
-117.180743 33.148102
-117.180749 33.148140
-117.180760 33.148181
-117.180792 33.148230
-117.180823 33.148251
-117.180845 33.148259
-117.180864 33.148279
-117.180875 33.148313
-117.180889 33.148395
-117.180908 33.148449
-117.180953 33.148468
-117.181052 33.148486
-117.181199 33.148500
-117.181274 33.148547
-117.181278 33.148570
-117.181290 33.148609
-117.181288 33.148674
-117.181271 33.148765
-117.181216 33.148957
-117.181215 33.149076
-117.181217 33.149240
-117.181207 33.149419
-117.181213 33.149678
-117.181218 33.149798
-117.181138 33.149792
-117.181131 33.149672
-117.181112 33.149620
-117.181010 33.149670
-117.180942 33.149699
-117.180918 33.149703
-117.180802 33.149717
-117.180792 33.149780
-117.180725 33.149785
-117.180697 33.149884
-117.180694 33.149966
-117.180584 33.150014
-117.180585 33.150073
-117.180627 33.150165
-117.180682 33.150250
-117.180747 33.150338
-117.180762 33.150419
-117.180812 33.150575
-117.180818 33.150604
-117.180824 33.150617
-117.180866 33.150673
-117.180884 33.150701
-117.180905 33.150742
-117.180916 33.150771
-117.180920 33.150793
-117.180933 33.150925
-117.180939 33.150950
-117.180964 33.151038
-117.180967 33.151051
-117.180962 33.151104
-117.180987 33.151111
-117.181003 33.151132
-117.181007 33.151162
-117.180999 33.151187
-117.180994 33.151200
-117.180996 33.151224
-117.181012 33.151245
-117.181036 33.151265
-117.181070 33.151276
-117.181109 33.151283
-117.181156 33.151295
-117.181186 33.151321
-117.181181 33.151425
-117.181175 33.151472
-117.181145 33.151524
-117.181077 33.151577
-117.181018 33.151676
-117.180922 33.151781
-117.180870 33.151812
-117.180714 33.151970
-117.180639 33.152027
-117.180709 33.152076
NaN NaN
Polygon
TEXT
Social Science Upper Walkway
112937529
-117.184184 33.150194 -117.184117 33.150362
7
-117.184184 33.150362
-117.184128 33.150354
-117.184129 33.150335
-117.184117 33.150198
-117.184168 33.150194
-117.184184 33.150362
NaN NaN
Polygon
MD
Behavioral Sciences, Business Administration, Social Sciences
112937530
-117.184976 33.150005 -117.183352 33.150537
26
-117.183442 33.150249
-117.183426 33.150123
-117.184976 33.150005
-117.184459 33.150537
-117.183352 33.150369
-117.183461 33.150305
-117.183471 33.150297
-117.183491 33.150282
-117.183510 33.150268
-117.184128 33.150354
-117.184184 33.150362
-117.184225 33.150367
-117.184247 33.150331
-117.184273 33.150301
-117.184319 33.150276
-117.184370 33.150258
-117.184433 33.150254
-117.184479 33.150260
-117.184512 33.150272
-117.184614 33.150159
-117.184168 33.150194
-117.184117 33.150198
-117.183487 33.150245
-117.183467 33.150247
-117.183442 33.150249
NaN NaN
Polygon
TEXT
Social Science East Entryway
112937531
-117.183491 33.150245 -117.183467 33.150297
6
-117.183467 33.150247
-117.183487 33.150245
-117.183491 33.150282
-117.183471 33.150297
-117.183467 33.150247
NaN NaN
Polygon
Closed
Construction
142033255
-117.183673 33.151295 -117.182371 33.152270
8
-117.183673 33.151625
-117.183467 33.151859
-117.183024 33.152075
-117.182371 33.152270
-117.182446 33.152105
-117.182963 33.151295
-117.183673 33.151625
NaN NaN
Polygon
T
Trade & Industry
353730725
-117.185236 33.152731 -117.184297 33.153099
11
-117.185196 33.153076
-117.184310 33.153099
-117.184305 33.152919
-117.184297 33.152778
-117.184769 33.152764
-117.184860 33.152762
-117.185183 33.152731
-117.185236 33.152877
-117.185187 33.152879
-117.185196 33.153076
NaN NaN
Polygon
WFC
Wellness/Fitness Center
353730732
-117.181903 33.147907 -117.181611 33.148210
10
-117.181831 33.148210
-117.181651 33.148199
-117.181662 33.148105
-117.181611 33.148101
-117.181628 33.147907
-117.181903 33.147923
-117.181887 33.148118
-117.181837 33.148116
-117.181831 33.148210
NaN NaN
Polygon
ITC
Automotive Technology, Welding
353730745
-117.185712 33.152467 -117.185064 33.153188
25
-117.185088 33.152651
-117.185073 33.152623
-117.185064 33.152612
-117.185088 33.152467
-117.185347 33.152467
-117.185347 33.152495
-117.185424 33.152508
-117.185406 33.152587
-117.185377 33.152591
-117.185353 33.152638
-117.185312 33.152633
-117.185304 33.152675
-117.185088 33.152651
NaN NaN
-117.185599 33.152667
-117.185602 33.152604
-117.185712 33.152608
-117.185688 33.152754
-117.185704 33.153176
-117.185419 33.153188
-117.185401 33.152689
-117.185473 33.152687
-117.185476 33.152667
-117.185599 33.152667
NaN NaN
Polygon
Baseball
Baseball Field
353730753
-117.180913 33.154026 -117.179744 33.154978
11
-117.180742 33.154895
-117.180425 33.154978
-117.179967 33.154803
-117.179744 33.154417
-117.179814 33.154105
-117.180117 33.154033
-117.180905 33.154026
-117.180913 33.154392
-117.180865 33.154550
-117.180742 33.154895
NaN NaN
Polygon
CT
Weight Training
353730755
-117.182093 33.149275 -117.181761 33.149564
6
-117.182093 33.149517
-117.181823 33.149564
-117.181761 33.149322
-117.182037 33.149275
-117.182093 33.149517
NaN NaN
Polygon
RS
Facilities Office
353730766
-117.182778 33.152320 -117.182402 33.152564
6
-117.182472 33.152564
-117.182402 33.152419
-117.182721 33.152320
-117.182778 33.152466
-117.182472 33.152564
NaN NaN
Polygon
ECE-LS
Early Childhood Education Lab School
453585735
-117.179346 33.151682 -117.177506 33.152310
12
-117.179308 33.152005
-117.178348 33.152203
-117.177742 33.152310
-117.177618 33.152266
-117.177506 33.151996
-117.177790 33.151834
-117.178493 33.151695
-117.178960 33.151682
-117.179217 33.151727
-117.179346 33.151843
-117.179308 33.152005
NaN NaN
Polygon
Lot #12
Staff Parking Lot #12 Large
574255556
-117.186589 33.151034 -117.185198 33.152312
11
-117.186297 33.152312
-117.185600 33.152312
-117.185468 33.152291
-117.185270 33.152233
-117.185222 33.152208
-117.185198 33.151667
-117.185487 33.151034
-117.186589 33.152123
-117.186380 33.152280
-117.186297 33.152312
NaN NaN
Polygon
Lot #12
Student Parking Lot #12
574255577
-117.187649 33.152253 -117.185699 33.153246
12
-117.186952 33.152538
-117.187480 33.153089
-117.187574 33.153079
-117.187649 33.153190
-117.187587 33.153219
-117.185836 33.153246
-117.185699 33.152413
-117.186300 33.152413
-117.186429 33.152386
-117.186657 33.152253
-117.186952 33.152538
NaN NaN
Polygon
PD
Police
582440043
-117.184879 33.151021 -117.184402 33.151225
8
-117.184879 33.151225
-117.184426 33.151225
-117.184402 33.151021
-117.184488 33.151021
-117.184488 33.151064
-117.184874 33.151064
-117.184879 33.151225
NaN NaN
Polygon
LRC
Library/Media Center, Tutoring Center
582440049
-117.184002 33.150857 -117.183062 33.151385
6
-117.183785 33.151385
-117.183062 33.151098
-117.183189 33.150857
-117.184002 33.150978
-117.183785 33.151385
NaN NaN
Polygon
Parking Structure
Parking Structure
123456783
-117.184948 33.151330 -117.183647 33.152211
7
-117.184939 33.152197
-117.183657 33.152211
-117.183647 33.151825
-117.184095 33.151330
-117.184948 33.151363
-117.184939 33.152197
NaN NaN
Polygon
H
English/Humanities, World Languages
123456784
-117.184474 33.150436 -117.183183 33.150822
6
-117.184474 33.150617
-117.184320 33.150822
-117.183183 33.150660
-117.183222 33.150436
-117.184474 33.150617
NaN NaN
Polygon
HS
Dental, Nursing Education
123456785
-117.184095 33.149765 -117.183394 33.150008
8
-117.184091 33.149940
-117.183487 33.149993
-117.183475 33.150008
-117.183394 33.149939
-117.183449 33.149826
-117.184095 33.149765
-117.184091 33.149940
NaN NaN
Polygon
TLC
Teaching Learning Center
123456786
-117.182896 33.150946 -117.182483 33.151266
6
-117.182754 33.151266
-117.182483 33.151157
-117.182588 33.150946
-117.182896 33.151028
-117.182754 33.151266
NaN NaN
Polygon
PL
Planetarium
123456787
-117.181756 33.150699 -117.181526 33.150892
8
-117.181756 33.150801
-117.181701 33.150892
-117.181584 33.150883
-117.181526 33.150801
-117.181578 33.150699
-117.181683 33.150708
-117.181756 33.150801
NaN NaN
Polygon
SW
Swimming Pool, Locker Rooms
123456788
-117.181934 33.148940 -117.181566 33.149109
6
-117.181934 33.149085
-117.181569 33.149109
-117.181566 33.148970
-117.181915 33.148940
-117.181934 33.149085
NaN NaN
Polygon
PAC
Performing Arts Complex
123456789
-117.186826 33.148292 -117.186033 33.149061
28
-117.186393 33.148370
-117.186490 33.148292
-117.186826 33.148616
-117.186741 33.148684
-117.186393 33.148370
NaN NaN
-117.186235 33.149003
-117.186305 33.148946
-117.186229 33.148871
-117.186257 33.148846
-117.186039 33.148750
-117.186060 33.148723
-117.186033 33.148684
-117.186238 33.148551
-117.186269 33.148581
-117.186314 33.148566
-117.186335 33.148650
-117.186387 33.148720
-117.186429 33.148765
-117.186584 33.148662
-117.186634 33.148710
-117.186659 33.148701
-117.186748 33.148783
-117.186404 33.149027
-117.186377 33.148997
-117.186287 33.149061
-117.186235 33.149003